Unnamed: 0,pixel,closest contour point,closest skeleton point,slope at nc,slope at ns,average slope,average angle
1228,[ 612 1309],[ 612 1294],[ 612 1333],0.0,0.0,0.0,0.0
2029,[ 647 1720],[ 646 1716],[ 651 1752],-0.3,-0.3,-0.2999999999999999,16.69924423399362
2227,[  46 1890],[  17 1864],[  51 1890],-2.5,-2.5,-2.5,68.19859051364821
1592,[ 365 1360],[ 346 1328],[ 367 1363],-0.3,-0.3,-0.3,16.69924423399362
1237,[ 779 1347],[ 785 1340],[ 762 1371],0.7000000000000001,0.7000000000000001,0.6999999999999998,-34.992020198558656
1580,[868 781],[898 810],[862 779],-2.5,-2.5,-2.4999999999999996,68.19859051364818
1807,[ 820 1687],[ 838 1706],[ 811 1678],-1.0,-1.176470588235294,-1.1187303658707253,48.207412067314706
892,[  83 1184],[  86 1184],[  50 1188],inf,2.5,30.20128356432443,-88.10356224057453
1370,[ 79 428],[ 89 421],[ 55 436],2.4999999999999996,2.5,2.5000000000000004,-68.19859051364821
1803,[401 552],[394 545],[406 581],-0.3,-0.3,-0.3,16.69924423399362
2085,[ 627 2082],[ 627 2071],[ 627 2110],0.0,0.0,0.0,0.0
1776,[838 830],[819 811],[850 837],-2.5,-1.7857142857142858,-2.0291502553713334,63.76513247098339
2215,[847  99],[865 117],[835  93],-1.3461538461538465,-1.3461538461538465,-1.34615,53.39284682374126
551,[  70 1197],[  86 1186],[  52 1200],2.4999999999999996,2.5,2.5,-68.19859051364821
1976,[ 569 2130],[ 576 2148],[ 569 2111],-0.3,0.0,-0.1487737600182837,8.46204093232436
2413,[ 30 302],[ 22 296],[ 58 311],-1.7857142857142858,-2.5,-1.9669518189075583,63.05117704322602
407,[ 357 2140],[ 328 2106],[ 357 2141],-0.3,0.0,-0.0065663034984481,0.3762160705050277
2415,[ 122 1016],[ 140 1035],[ 116 1005],-0.7000000000000001,-0.7000000000000001,-0.7,34.99202019855866
220,[ 902 1550],[ 902 1550],,inf,,inf,90.0
869,[  98 1049],[ 113 1065],[  85 1038],-1.1764705882352942,-1.3461538461538465,-1.271985092310836,51.82653607450181
1305,[ 519 1742],[ 542 1714],[ 519 1749],0.3,0.0,0.0485713749322566,-2.7807494014250125
1302,[730 206],[740 218],[720 184],-0.5,-0.3,-0.4214785743547477,22.85438067873931
2020,[805  88],[797  80],[825 106],-1.3461538461538465,-1.3461538461538465,-1.34615,53.39284682374126
27,[ 771 1677],[ 763 1669],[ 786 1700],-0.8,-0.7000000000000001,-0.7708204783669071,37.62577162180894
833,[325 957],[311 982],[325 945],0.3,0.0,0.0885541377099552,-5.060577825495246
82,[230 988],[230 990],[222 954],-0.3,-0.3,-0.3,16.69924423399362
185,[ 528 1726],[ 535 1713],[ 524 1749],0.3,0.3,0.2999999999999999,-16.69924423399362
268,[  46 1220],[  23 1242],[  55 1216],1.7857142857142858,2.5,2.331201337010733,-66.78243985207884
1492,[450 207],[437 221],[452 185],0.3,0.3,0.3,-16.69924423399362
1125,[ 436 2127],[ 409 2096],[ 438 2129],-0.3,-0.3,-0.3,16.69924423399362
664,[ 805 1412],[ 781 1436],[ 808 1408],1.0,1.0,1.0,-44.99999999999999
2017,[378 183],[361 209],[378 173],0.3,0.2,0.224351964316784,-12.645037998833468
131,[ 764 2128],[ 779 2113],[ 756 2144],0.5,0.7000000000000001,0.6085025858150684,-31.32062081224291
803,[ 708 1372],[ 698 1384],[ 717 1351],0.3,0.3,0.3,-16.69924423399362
272,[828 803],[822 801],[858 805],-2.5,-2.5,-2.5000000000000004,68.19859051364821
1702,[ 190 1334],[ 207 1315],[ 183 1346],0.3,0.3,0.3,-16.69924423399362
986,[ 261 1359],[ 275 1329],[ 260 1364],0.3,0.3,0.2999999999999999,-16.69924423399362
1953,[586 222],[568 240],[586 202],0.3,0.0,0.13199622877538,-7.519357950250378
744,[  58 1806],[  49 1798],[  80 1821],-1.5,-1.3461538461538465,-1.4520904040280174,55.44627840677527
1840,[ 315 1368],[ 340 1405],[ 315 1367],-0.3,0.0,-0.0065711330341493,0.37649277057864
2006,[483 935],[488 929],[477 965],0.3,0.3,0.3,-16.69924423399362
1140,[ 377 1356],[ 355 1327],[ 377 1362],-0.3,0.0,-0.042452280064798,2.4308768739671636
2397,[  57 1839],[  36 1819],[  67 1843],-1.7857142857142856,-1.7857142857142856,-1.7857099999999997,60.751115041598304
98,[  20 1145],[   7 1145],[  47 1145],-2.5,inf,-3.7037037037037033,74.89042487765953
473,[519 962],[539 937],[519 972],0.3,0.0,0.0714020146610732,-4.084102910233607
1668,[392 946],[420 917],[390 951],0.3,0.3,0.3,-16.69924423399362
364,[884 829],[892 835],[856 820],-2.5,-2.5,-2.5,68.19859051364821
2207,[ 850 1445],[ 870 1426],[ 840 1451],1.7857142857142858,1.3461538461538465,1.4767576528359938,-55.89574626132754
413,[ 732 2128],[ 758 2102],[ 731 2132],0.5,0.5,0.5,-26.56505117707799
2098,[ 570 2105],[ 546 2074],[ 570 2111],-0.3,0.0,-0.0398189639054534,2.2802539333760734
2424,[197 198],[216 217],[194 185],-0.3,-0.3,-0.3,16.69924423399362
1657,[756 956],[776 977],[752 946],-0.7000000000000001,-0.5,-0.5541626369141519,28.99358240487659
2462,[506 562],[475 531],[508 564],-0.3,-0.3,-0.3,16.69924423399362
2298,[ 446 2166],[ 447 2167],[ 437 2130],-0.3,-0.3,-0.3,16.69924423399362
1194,[ 19 421],[ 11 425],[ 50 418],2.5,2.5,2.5,-68.19859051364821
2254,[ 729 1737],[ 756 1764],[ 728 1734],-0.3,-0.3,-0.3,16.69924423399362
2107,[ 150 1318],[ 170 1298],[ 143 1326],0.5,0.7000000000000001,0.6453665421928796,-32.836844779398945
1738,[160 549],[180 527],[156 557],0.5,0.5,0.5,-26.56505117707799
282,[ 487 2087],[ 487 2082],[ 489 2120],-0.2,-0.3,-0.2131369618490791,12.031813221890305
2121,[ 118 1749],[ 109 1738],[ 130 1770],-0.7000000000000001,-0.7000000000000001,-0.7,34.99202019855866
114,[203 987],[210 996],[191 963],-0.3,-0.3,-0.3,16.69924423399362
733,[  76 1998],[  92 1984],[  60 2005],1.7857142857142856,2.5,2.177864777895068,-65.33705326969694
2336,[494 216],[482 229],[500 193],0.3,0.3,0.3,-16.69924423399362
1590,[267 934],[249 909],[267 946],-0.3,-0.2,-0.2280335556792527,12.845710426785304
1922,[ 516 2143],[ 523 2154],[ 510 2118],-0.3,-0.3,-0.3,16.69924423399362
429,[785 920],[760 895],[787 923],-1.0,-0.8,-0.8185085671527599,39.300619333019405
2464,[ 779 1720],[ 798 1740],[ 774 1710],-0.7000000000000001,-0.7000000000000001,-0.6999999999999998,34.992020198558656
892,[  83 1184],[  86 1184],[  50 1188],inf,2.5,30.20128356432443,-88.10356224057453
693,[711 976],[730 998],[707 965],-0.3,-0.3,-0.3,16.69924423399362
2299,[ 290 1693],[ 290 1682],[ 293 1721],0.0,-0.3,-0.0842691127175142,4.816883994421394
2356,[  94 2014],[ 102 2006],[  72 2030],1.7857142857142856,1.3461538461538465,1.656595609983052,-58.882819169444424
1867,[621 172],[621 164],[623 201],0.0,-0.3,-0.0647443289346907,3.7044064901804785
2155,[389 980],[386 989],[391 952],0.3,0.3,0.3,-16.69924423399362
340,[ 838 1591],[ 822 1577],[ 856 1592],-2.5,-2.5,-2.5,68.19859051364821
1540,[ 752 1397],[ 745 1406],[ 764 1373],0.7000000000000001,0.7000000000000001,0.7000000000000001,-34.99202019855867
1623,[ 757 1708],[ 738 1687],[ 762 1717],-0.7000000000000001,-0.5,-0.5533241878868351,28.95681643018385
610,[760 634],[756 637],[779 606],0.8,0.7000000000000001,0.787125960432421,-38.2072019820026
357,[815 617],[832 600],[804 627],1.0,1.0,1.0,-44.99999999999999
1394,[692 966],[667 936],[693 968],-0.3,-0.5,-0.4891682571075177,26.066412740554743
1345,[846 893],[858 904],[828 880],-1.3461538461538465,-1.3461538461538465,-1.3461500000000002,53.392846823741266
1929,[ 616 1782],[ 616 1795],[ 616 1755],0.0,0.0,0.0,0.0
1238,[798 654],[786 665],[817 642],1.0,1.3461538461538465,1.1454132801589447,-48.87750187827877
1103,[ 550 1008],[ 549 1015],[550 976],0.3,0.0,0.2457061078091287,-13.804460530607695
568,[ 497 2158],[ 497 2159],[ 495 2120],-0.3,-0.3,-0.3,16.69924423399362
13,[  31 1236],[  23 1242],[  59 1227],1.7857142857142858,2.5,1.9669518189075583,-63.05117704322602
1999,[846  26],[824  12],[858  32],-2.5,inf,-7.359126579037751,82.26172003938227
1158,[713 176],[693 153],[714 185],-0.3,-0.3,-0.3,16.69924423399362
1544,[  86 2107],[  85 2108],[ 112 2080],1.0,1.0,1.0,-44.99999999999999
115,[565 590],[565 596],[565 558],0.0,0.0,0.0,0.0
1260,[  80 1222],[  93 1210],[  60 1228],2.4999999999999996,2.5,2.5000000000000004,-68.19859051364821
743,[208 184],[236 212],[207 181],-0.3,-0.3,-0.3,16.69924423399362
1602,[ 452 2132],[ 481 2161],[ 449 2128],-0.3,-0.3,-0.2999999999999999,16.69924423399362
2107,[ 150 1318],[ 170 1298],[ 143 1326],0.5,0.7000000000000001,0.6453665421928796,-32.836844779398945
1425,[ 770 1405],[ 759 1416],[ 782 1385],0.8,0.7000000000000001,0.7599889751475648,-37.23443357534417
1052,[  92 2110],[  91 2113],[ 115 2083],0.7000000000000001,0.7000000000000001,0.7,-34.99202019855866
977,[ 491 2089],[ 488 2082],[ 496 2119],-0.3,-0.3,-0.3,16.69924423399362
2343,[695 593],[687 604],[700 569],0.3,0.3,0.3,-16.69924423399362
1411,[ 121 1328],[ 103 1346],[ 130 1318],0.7000000000000001,0.7000000000000001,0.7,-34.99202019855866
1333,[ 360 2124],[ 341 2105],[ 364 2140],-0.3,-0.3,-0.3,16.69924423399362
2448,[ 48 318],[ 23 294],[ 55 320],-2.5,-2.5,-2.4999999999999996,68.19859051364818
2398,[ 47 310],[ 25 289],[ 57 314],-2.5,-2.5,-2.5,68.19859051364821
1510,[ 108 1264],[ 119 1255],[  91 1281],1.3461538461538465,1.3461538461538465,1.34615,-53.39284682374126
1220,[759 912],[751 902],[776 931],-0.7000000000000001,-0.7000000000000001,-0.7,34.99202019855866
1749,[  15 1934],[   6 1934],[  46 1934],inf,2.5000000000000004,11.111111111111107,-84.85723544211578
131,[ 764 2128],[ 779 2113],[ 756 2144],0.5,0.7000000000000001,0.6085025858150684,-31.32062081224291
2084,[ 84 326],[ 91 330],[ 57 316],-2.4999999999999996,-2.5,-2.5,68.19859051364821
1775,[ 812 1461],[ 805 1468],[ 838 1449],1.7857142857142858,1.3461538461538465,1.672789109457832,-59.12884946255773
368,[890 713],[895 711],[858 724],2.5,2.5,2.5,-68.19859051364821
1305,[ 519 1742],[ 542 1714],[ 519 1749],0.3,0.0,0.0485713749322566,-2.7807494014250125
2159,[ 878 2297],[ 898 2279],[ 858 2280],2.5,inf,5.0627112819549,-78.82661634231124
2222,[827 631],[845 615],[817 641],1.3461538461538465,1.3461538461538465,1.34615,-53.39284682374126
1116,[ 381 1695],[ 383 1688],[ 380 1726],0.3,0.3,0.3,-16.69924423399362
841,[ 389 1751],[ 381 1765],[ 394 1729],0.3,0.3,0.3,-16.69924423399362
1614,[ 346 2108],[ 346 2104],[ 349 2141],0.0,-0.3,-0.03231358563944,1.8507880795614984
1971,[706 983],[ 722 1001],[704 966],-0.3,-0.3,-0.3,16.69924423399362
2005,[ 586 1784],[ 578 1794],[ 586 1755],0.3,0.0,0.2081028630260981,-11.755632665753872
2235,[571 206],[546 238],[571 201],0.3,0.0,0.0328890526556286,-1.8837249031614465
1081,[ 198 1353],[ 169 1383],[ 198 1352],0.3,0.3,0.3,-16.69924423399362
1386,[ 769 1738],[ 781 1751],[ 759 1719],-0.5,-0.5,-0.5,26.56505117707799
451,[ 566 1750],[ 588 1718],[ 566 1754],0.3,0.0,0.0280157981323553,-1.604767227968782
1319,[ 846 2205],[ 861 2189],[ 831 2213],1.3461538461538465,1.3461538461538465,1.34615,-53.39284682374126
0,[  92 1321],[  83 1330],[ 110 1302],1.0,1.0,1.0,-44.99999999999999
1791,[464 207],[448 223],[470 188],0.3,0.3,0.3,-16.69924423399362
1033,[ 659 1727],[ 654 1715],[ 665 1750],-0.3,-0.3,-0.2999999999999999,16.69924423399362
1002,[469 606],[469 610],[464 572],-0.2,-0.3,-0.2104259847398726,11.8831533527206
1482,[141 178],[134 169],[153 202],-0.5,-0.7000000000000001,-0.5596410748527346,29.233168569518483
1271,[679 174],[669 159],[680 194],-0.3,-0.3,-0.3,16.69924423399362
2311,[ 678 1342],[ 649 1373],[ 678 1340],0.3,0.0,0.0134983216530307,-0.7733498941853877
1229,[ 348 1712],[ 366 1686],[ 348 1723],0.3,0.0,0.077423393385161,-4.427201660432868
1507,[ 585 1784],[ 578 1794],[ 585 1755],0.3,0.0,0.2111314539640416,-11.921854364774502
284,[554 570],[572 595],[554 559],-0.3,-0.2,-0.226312111064793,12.751919261532608
1098,[ 807 1650],[ 794 1637],[ 824 1661],-1.176470588235294,-1.3461538461538465,-1.2572172892838196,51.5009989224248
2272,[865 871],[874 878],[840 861],-1.7857142857142858,-1.5624999999999998,-1.719309103305483,59.816476597350274
1022,[ 676 1302],[ 677 1300],[ 669 1338],0.3,0.3,0.3,-16.69924423399362
1454,[ 457 1769],[ 452 1777],[ 462 1740],0.3,0.3,0.2999999999999999,-16.69924423399362
1676,[386 611],[397 622],[384 585],-0.3,-0.3,-0.3,16.69924423399362
978,[764 611],[746 630],[770 600],0.7000000000000001,0.7000000000000001,0.7,-34.99202019855866
1651,[ 182 2163],[ 181 2164],[ 193 2127],0.3,0.3,0.3,-16.69924423399362
575,[192 169],[175 150],[197 183],-0.3,-0.3,-0.3,16.69924423399362
2439,[793 652],[783 661],[812 636],1.176470588235294,1.3461538461538465,1.2360841447689526,-51.026919102527415
165,[784 910],[765 891],[790 920],-1.0,-0.7000000000000001,-0.7907966011332469,38.3368275571808
64,[ 887 2260],[ 893 2258],[ 856 2269],2.5,2.5,2.5,-68.19859051364821
1715,[ 800 2199],[ 783 2215],[ 811 2188],1.0,1.0,1.0,-44.99999999999999
791,[ 318 2106],[ 318 2106],,0.0,,0.0,0.0
634,[ 519 1358],[ 532 1376],[ 519 1340],-0.3,-0.3,-0.3,16.69924423399362
493,[ 841 1508],[ 824 1523],[ 858 1507],2.5,2.5,2.4999999999999996,-68.19859051364818
1389,[ 614 1298],[ 614 1294],[ 614 1333],0.0,0.0,0.0,0.0
1463,[619 576],[619 594],[619 557],0.0,0.0,0.0,0.0
779,[634 166],[633 164],[638 200],-0.3,-0.3,-0.2999999999999999,16.69924423399362
2217,[846  30],[824  12],[858  32],-2.5,inf,-8.341371553121887,83.16375823860976
1295,[198 209],[208 220],[189 187],-0.3,-0.3,-0.3,16.69924423399362
1129,[417 574],[394 545],[417 579],-0.3,-0.3,-0.3,16.69924423399362
1620,[  98 1798],[  71 1771],[  98 1799],-1.0,-1.0,-1.0,44.99999999999999
630,[626 966],[626 941],[628 977],0.0,-0.3,-0.2072949016875157,11.71125432266691
1266,[ 283 1401],[ 283 1406],[ 287 1367],0.3,0.3,0.3,-16.69924423399362
70,[ 258 1365],[ 224 1399],[ 258 1364],0.3,0.0,0.0061120633215947,-0.3501910717544519
1776,[838 830],[819 811],[850 837],-2.5,-1.7857142857142858,-2.0291502553713334,63.76513247098339
2303,[ 127 1823],[ 128 1824],[ 100 1797],-1.0,-1.0,-1.0,44.99999999999999
2322,[508 972],[ 478 1005],[508 971],0.3,0.3,0.3,-16.69924423399362
1642,[ 302 1743],[ 302 1759],[ 302 1721],0.0,0.0,0.0,0.0
599,[ 521 1369],[ 525 1377],[ 519 1340],-0.3,-0.3,-0.2999999999999999,16.69924423399362
1228,[ 612 1309],[ 612 1294],[ 612 1333],0.0,0.0,0.0,0.0
1772,[790 631],[771 649],[797 621],0.8,0.7000000000000001,0.731805248823488,-36.196861617271274
1632,[257 947],[224 913],[257 948],-0.3,0.0,-0.0062007260644289,0.3552708801847623
1112,[ 86 510],[ 63 532],[ 91 505],1.0,1.0,1.0,-44.99999999999999
661,[761 197],[768 205],[749 171],-0.5,-0.5,-0.5,26.56505117707799
1472,[ 511 1768],[ 499 1785],[ 516 1749],0.3,0.3,0.2999999999999999,-16.69924423399362
2162,[722 200],[740 218],[717 185],-0.5,-0.3,-0.3766292642964634,20.637842417180263
1919,[ 10 356],[  7 356],[ 47 364],inf,-2.5,-34.04582205124616,88.31758178380734
1241,[ 460 1707],[ 462 1701],[ 455 1738],0.3,0.3,0.3,-16.69924423399362
2452,[ 103 2018],[ 107 2015],[  74 2033],1.3461538461538465,1.3461538461538465,1.3461500000000002,-53.392846823741266
1530,[ 104 2044],[ 118 2030],[  90 2057],1.0,1.0,1.0,-44.99999999999999
1612,[ 728 1369],[ 709 1388],[ 735 1358],0.3,0.7000000000000001,0.5693168917557031,-29.65359023437972
1643,[ 231 2128],[ 252 2103],[ 229 2136],0.3,0.3,0.3,-16.69924423399362
615,[875 694],[886 683],[852 702],1.7857142857142858,2.5,2.0641444297945535,-64.1515647477119
2496,[ 589 2132],[ 597 2147],[ 589 2110],-0.3,0.0,-0.1692307692307692,9.605204155012949
784,[ 116 1329],[ 100 1344],[ 126 1315],1.0,0.7000000000000001,0.8318823416311341,-39.75647237512514
1094,[299 575],[299 553],[299 590],0.0,0.0,0.0,0.0
511,[ 85 350],[ 86 350],[ 50 347],-2.5000000000000004,-2.5,-2.5,68.19859051364821
1892,[819  77],[806  65],[838  87],-1.7857142857142858,-1.7857142857142858,-1.78571,60.75111504159832
1246,[170 572],[146 596],[173 566],0.7000000000000001,0.3,0.3660104757116976,-20.103155093956367
482,[581 983],[ 549 1015],[581 978],0.3,0.0,0.0298478749351994,-1.709649675302426
529,[ 863 1622],[ 882 1639],[ 849 1617],-1.7857142857142858,-2.5,-2.236908389550144,65.91318027898431
2100,[  53 2066],[  50 2068],[  82 2047],1.3461538461538467,1.3461538461538465,1.34615,-53.39284682374126
730,[ 163 1780],[ 171 1790],[ 150 1758],-0.5,-0.7000000000000001,-0.5667685646479298,29.543201319424004
707,[ 883 1613],[ 890 1618],[ 853 1607],-2.5,-2.5,-2.5000000000000004,68.19859051364821
557,[  21 1983],[  13 1987],[  51 1976],2.5,2.5,2.5,-68.19859051364821
1701,[ 257 2124],[ 268 2105],[ 256 2140],0.3,0.3,0.3,-16.69924423399362
1663,[ 848 2205],[ 863 2192],[ 833 2216],1.3461538461538465,1.3461538461538465,1.34615,-53.39284682374126
1398,[ 315 1698],[ 330 1683],[ 315 1721],0.3,0.0,0.1560619784099324,-8.870142746268828
2239,[581 954],[581 941],[577 977],0.2,0.3,0.2357680999409967,-13.266249740257942
242,[865 840],[884 857],[852 834],-2.5,-2.5,-2.4999999999999996,68.19859051364818
2177,[ 748 2165],[ 737 2178],[ 761 2148],0.5,0.7000000000000001,0.5886247419019934,-30.482119639071943
870,[  87 1808],[  61 1783],[  89 1809],-1.3461538461538467,-1.3461538461538465,-1.34615,53.39284682374126
440,[ 895 1557],[ 902 1557],[ 862 1555],inf,-2.5,-14.307339467726097,86.00185962297235
1962,[ 630 2109],[ 660 2074],[ 630 2110],0.3,0.3,0.3,-16.69924423399362
386,[693 182],[674 158],[697 190],-0.3,-0.3,-0.3,16.69924423399362
1752,[ 737 1372],[ 718 1392],[ 742 1361],0.5,0.5,0.5,-26.56505117707799
2303,[ 127 1823],[ 128 1824],[ 100 1797],-1.0,-1.0,-1.0,44.99999999999999
1715,[ 800 2199],[ 783 2215],[ 811 2188],1.0,1.0,1.0,-44.99999999999999
2409,[ 150 1010],[ 160 1020],[136 990],-0.7000000000000001,-0.7000000000000001,-0.7,34.99202019855866
931,[ 630 1788],[ 631 1794],[ 624 1755],-0.3,-0.3,-0.3,16.69924423399362
1772,[790 631],[771 649],[797 621],0.8,0.7000000000000001,0.731805248823488,-36.196861617271274
658,[ 225 1698],[ 222 1690],[ 229 1728],-0.3,-0.3,-0.3,16.69924423399362
762,[ 375 1728],[ 349 1761],[ 375 1726],0.3,0.0,0.0136326756644633,-0.7810463956581628
301,[  67 1797],[  57 1787],[  84 1815],-1.1764705882352942,-1.3461538461538465,-1.238155799164841,51.07382630677789
1992,[882 791],[899 804],[861 788],-2.5,-2.5,-2.5,68.19859051364821
2244,[ 550 2109],[ 521 2077],[ 551 2112],-0.3,-0.3,-0.3,16.69924423399362
2338,[ 370 1698],[ 375 1687],[ 370 1725],0.3,0.0,0.207250990761379,-11.708842048238171
230,[ 186 1714],[ 176 1703],[ 195 1737],-0.3,-0.3,-0.3,16.69924423399362
1473,[ 15 370],[  7 368],[ 46 377],-2.5,-2.5,-2.5000000000000004,68.19859051364821
509,[784 580],[794 569],[771 600],0.6,0.7000000000000001,0.6383939811888567,-32.55391588155906
768,[ 449 1342],[ 428 1316],[ 451 1350],-0.3,-0.3,-0.3,16.69924423399362
568,[ 497 2158],[ 497 2159],[ 495 2120],-0.3,-0.3,-0.3,16.69924423399362
1999,[846  26],[824  12],[858  32],-2.5,inf,-7.359126579037751,82.26172003938227
864,[  73 1909],[  84 1914],[  49 1908],-2.4999999999999996,-2.5,-2.5,68.19859051364821
1977,[ 832 1538],[ 825 1538],[ 861 1532],inf,2.5,13.076494924972032,-85.62692609954688
1444,[406 209],[403 215],[411 178],0.3,0.3,0.3,-16.69924423399362
1418,[332 941],[363 909],[332 945],0.3,0.0,0.0247150871426455,-1.4157819605368551
1014,[727 602],[715 614],[737 582],0.5,0.5,0.5,-26.56505117707799
1204,[ 821 1379],[ 827 1372],[ 800 1400],1.0,1.0,1.0,-44.99999999999999
1616,[ 81 222],[ 75 214],[101 242],-0.7000000000000002,-0.8,-0.726120387496374,35.98416631032679
65,[ 528 1734],[ 542 1714],[ 524 1749],0.3,0.3,0.2999999999999999,-16.69924423399362
149,[ 759 1687],[ 752 1678],[ 778 1706],-0.7000000000000001,-0.7000000000000001,-0.7,34.99202019855866
326,[100 990],[ 88 978],[ 115 1005],-0.7000000000000001,-0.7000000000000001,-0.6999999999999998,34.992020198558656
498,[ 298 1730],[ 298 1759],[ 298 1721],0.0,0.0,0.0,0.0
1089,[117 256],[129 269],[103 241],-1.0,-0.7000000000000002,-0.8610958066664972,40.73160317946592
444,[ 795 2201],[ 782 2214],[ 809 2186],1.0,1.0,1.0,-44.99999999999999
41,[  71 1779],[  67 1775],[  94 1803],-1.1764705882352942,-1.3461538461538465,-1.2011459549007983,50.22132292056884
2313,[ 116 1264],[ 122 1258],[  91 1281],1.0,1.3461538461538465,1.0758614035348373,-47.092916633561664
1123,[ 150 1797],[ 154 1801],[ 131 1770],-0.6,-0.7000000000000001,-0.614627776982879,31.576039018874848
2378,[244 941],[219 914],[244 949],-0.3,0.0,-0.0535753283459501,3.0667083022838946
1466,[770 570],[779 560],[755 590],0.7000000000000001,0.7000000000000001,0.7,-34.99202019855866
477,[241 912],[241 910],[242 949],-0.3,-0.3,-0.3,16.69924423399362
576,[ 111 1291],[ 132 1269],[ 105 1297],1.0,1.0,1.0,-44.99999999999999
2198,[  13 1178],[   8 1183],[  47 1171],2.5,2.5,2.5,-68.19859051364821
671,[851 765],[825 765],[862 765],inf,inf,100.0,-89.42706130231674
2405,[513 942],[518 934],[507 970],0.3,0.3,0.3,-16.69924423399362
540,[ 280 1380],[ 257 1404],[ 280 1366],0.3,0.0,0.0889048065612708,-5.080512724633745
2335,[304 908],[304 905],[304 944],0.0,0.0,0.0,0.0
829,[ 494 1763],[ 480 1782],[ 498 1746],0.3,0.3,0.3,-16.69924423399362
1687,[ 92 200],[ 91 199],[118 226],-0.7000000000000002,-0.7000000000000001,-0.7,34.99202019855866
2410,[378 179],[352 208],[378 173],0.3,0.2,0.2133485553767593,-12.043409334052935
2121,[ 118 1749],[ 109 1738],[ 130 1770],-0.7000000000000001,-0.7000000000000001,-0.7,34.99202019855866
973,[191 151],[187 146],[197 183],-0.3,-0.3,-0.3,16.69924423399362
1663,[ 848 2205],[ 863 2192],[ 833 2216],1.3461538461538465,1.3461538461538465,1.34615,-53.39284682374126
312,[ 259 1755],[ 262 1761],[ 252 1725],-0.3,-0.3,-0.3,16.69924423399362
1369,[682 215],[698 231],[679 195],-0.3,-0.3,-0.2999999999999999,16.69924423399362
2107,[ 150 1318],[ 170 1298],[ 143 1326],0.5,0.7000000000000001,0.6453665421928796,-32.836844779398945
1148,[ 848 1504],[ 824 1523],[ 858 1504],2.5,inf,10.152613932506984,-84.37469367644721
2151,[812 146],[828 162],[800 135],-1.0,-1.0,-1.0,44.99999999999999
2435,[ 63 283],[ 39 260],[ 68 287],-1.7857142857142856,-1.3461538461538465,-1.4171446048040814,54.791511846923825
1338,[166 159],[163 155],[178 190],-0.3,-0.3,-0.3,16.69924423399362
234,[300 606],[278 629],[302 591],0.3,0.3,0.3,-16.69924423399362
675,[ 50 434],[ 21 460],[ 54 434],2.5,2.5000000000000004,2.5,-68.19859051364821
575,[192 169],[175 150],[197 183],-0.3,-0.3,-0.3,16.69924423399362
763,[ 435 1315],[ 434 1315],[ 440 1352],-0.3,-0.3,-0.3,16.69924423399362
2052,[854 742],[825 754],[860 742],2.5,inf,15.576962355396011,-86.32680228673473
2037,[ 486 1712],[ 490 1706],[ 479 1742],0.3,0.3,0.2999999999999999,-16.69924423399362
1789,[682 561],[711 531],[682 564],0.3,0.0,0.0201228423100722,-1.1527983525615737
1847,[  58 1147],[  83 1151],[  47 1147],-2.4999999999999996,inf,-8.254085864169165,83.0921609507084
1988,[314 937],[340 907],[314 944],0.3,0.3,0.3,-16.69924423399362
1824,[ 871 1469],[ 885 1457],[ 852 1478],1.7857142857142858,2.5,2.1194630146468776,-64.74123574448289
332,[825 734],[822 735],[858 730],2.5,2.5,2.5,-68.19859051364821
935,[266 591],[233 624],[266 588],0.3,0.0,0.0181199367461876,-1.0380822986298168
520,[403 615],[404 621],[399 583],-0.3,-0.3,-0.3,16.69924423399362
1301,[ 748 1722],[ 722 1695],[ 749 1724],-0.5,-0.6,-0.5943703376377713,30.725993917459704
1331,[ 865 2304],[ 897 2273],[ 858 2280],2.5,inf,6.955333881989092,-81.81839198050838
1260,[  80 1222],[  93 1210],[  60 1228],2.4999999999999996,2.5,2.5000000000000004,-68.19859051364821
1362,[ 36 457],[ 24 468],[ 58 448],1.7857142857142858,2.5,2.076052571280492,-64.2806565048008
766,[ 810 1694],[ 830 1714],[ 802 1687],-1.0,-1.0,-1.0,44.99999999999999
3,[ 166 2099],[ 183 2082],[ 159 2112],0.5,0.5,0.5,-26.56505117707799
586,[ 308 1400],[ 308 1407],[ 308 1367],0.0,0.0,0.0,0.0
884,[ 349 2144],[ 378 2178],[ 348 2142],-0.3,-0.3,-0.3,16.69924423399362
1575,[  65 1066],[  38 1039],[  67 1066],-1.7857142857142856,-1.7857142857142856,-1.78571,60.75111504159832
681,[  74 1288],[  58 1303],[  87 1277],1.1764705882352942,1.3461538461538465,1.271985092310836,-51.82653607450181
1286,[476 204],[459 225],[476 189],0.3,0.3,0.3,-16.69924423399362
1397,[  68 2065],[  56 2077],[  87 2054],1.0,1.3461538461538465,1.1509146067353082,-49.01346611540655
795,[243 922],[235 911],[250 948],-0.3,-0.3,-0.3,16.69924423399362
1924,[ 115 1758],[ 101 1744],[ 127 1772],-0.8,-0.7000000000000001,-0.748221797483362,36.804636531686725
1096,[ 808 1695],[ 828 1716],[ 801 1688],-0.8,-1.0,-0.9491021929578094,43.504148761379625
718,[585 574],[588 594],[585 557],-0.3,0.0,-0.1370093076866591,7.8014817649661
2371,[ 68 455],[ 92 431],[ 63 458],2.4999999999999996,2.5,2.5,-68.19859051364821
1773,[ 312 1354],[ 311 1330],[ 312 1367],-0.3,0.0,-0.1053461146221118,6.013706898802368
377,[ 638 1314],[ 649 1296],[ 634 1334],0.3,0.3,0.3,-16.69924423399362
1103,[ 550 1008],[ 549 1015],[550 976],0.3,0.0,0.2457061078091287,-13.804460530607695
149,[ 759 1687],[ 752 1678],[ 778 1706],-0.7000000000000001,-0.7000000000000001,-0.7,34.99202019855866
1635,[823 641],[847 617],[819 644],1.0,1.0,1.0,-44.99999999999999
113,[ 892 1559],[ 901 1564],[ 862 1555],-2.5,-2.5,-2.5,68.19859051364821
2089,[457 212],[448 223],[464 187],0.3,0.3,0.3,-16.69924423399362
3,[ 166 2099],[ 183 2082],[ 159 2112],0.5,0.5,0.5,-26.56505117707799
726,[207 958],[234 989],[206 958],-0.3,-0.3,-0.3,16.69924423399362
1964,[ 467 2122],[ 437 2091],[ 467 2124],-0.3,-0.3,-0.3,16.69924423399362
98,[  20 1145],[   7 1145],[  47 1145],-2.5,inf,-3.7037037037037033,74.89042487765953
1535,[ 765 2189],[ 761 2194],[ 785 2164],0.7000000000000001,0.7000000000000001,0.7,-34.99202019855866
2256,[ 762 2145],[ 787 2118],[ 760 2147],0.7000000000000001,0.6,0.6071379565118916,-31.26352653474271
471,[ 492 1344],[ 525 1377],[ 492 1343],-0.3,-0.2,-0.2020977973154943,11.42545776232932
1302,[730 206],[740 218],[720 184],-0.5,-0.3,-0.4214785743547477,22.85438067873931
2194,[772 902],[763 893],[790 920],-0.7000000000000001,-0.7000000000000001,-0.6999999999999998,34.992020198558656
2380,[ 499 2141],[ 510 2156],[ 495 2120],-0.3,-0.3,-0.3,16.69924423399362
508,[178 999],[ 185 1006],[166 973],-0.5,-0.5,-0.5,26.56505117707799
1523,[501 161],[504 155],[493 191],0.3,0.3,0.3,-16.69924423399362
55,[ 243 1692],[ 238 1687],[ 253 1724],-0.3,-0.3,-0.3,16.69924423399362
2130,[601 184],[601 165],[601 202],0.0,0.0,0.0,0.0
2094,[ 572 1316],[ 559 1296],[ 572 1334],-0.3,0.0,-0.129020786825579,7.351732868994771
362,[897 770],[902 770],[862 770],-2.499999999999999,inf,-2.8571428571428568,70.70995378081126
1085,[723 152],[717 144],[735 177],-0.5,-0.3,-0.446992976837895,24.08430792089327
2032,[458 184],[486 152],[457 185],0.3,0.3,0.3,-16.69924423399362
954,[ 101 1237],[ 105 1235],[  72 1253],1.7857142857142856,1.3461538461538465,1.733419268289525,-60.01959014681229
1867,[621 172],[621 164],[623 201],0.0,-0.3,-0.0647443289346907,3.7044064901804785
2408,[ 396 2122],[ 376 2101],[ 396 2136],-0.3,-0.3,-0.3,16.69924423399362
49,[161 583],[147 597],[171 565],0.6,0.5,0.5509807693759093,-28.853919019388265
504,[ 323 1360],[ 311 1330],[ 326 1366],-0.3,-0.3,-0.3,16.69924423399362
642,[  92 1066],[ 105 1077],[  75 1054],-1.7857142857142856,-1.3461538461538465,-1.5878816403641114,57.79851272284357
915,[565 543],[543 521],[565 558],-0.3,0.0,-0.0975870022542885,5.5736749573408035
442,[  70 1826],[  46 1803],[  75 1829],-1.3461538461538467,-1.7857142857142856,-1.720112617483083,59.82810997003836
615,[875 694],[886 683],[852 702],1.7857142857142858,2.5,2.0641444297945535,-64.1515647477119
1360,[ 697 1740],[ 671 1712],[ 699 1743],-0.3,-0.3,-0.3,16.69924423399362
57,[ 768 2139],[ 787 2118],[ 764 2149],0.7000000000000001,0.5,0.5551053863539263,-29.03489074356735
2059,[ 253 2164],[ 243 2179],[ 257 2141],0.3,0.3,0.3,-16.69924423399362
1171,[389 974],[379 988],[391 952],0.3,0.3,0.3,-16.69924423399362
1759,[  62 1066],[  37 1041],[  66 1068],-1.7857142857142856,-2.4999999999999996,-2.4197940117934285,67.54673207019029
1774,[ 82 257],[ 58 233],[ 85 261],-1.1764705882352942,-1.0,-1.02265856440305,45.64182152655827
2337,[  61 1241],[  34 1266],[  64 1239],1.7857142857142856,2.4999999999999996,2.4362558606483034,-67.68352107736713
1009,[ 733 2163],[ 726 2172],[ 742 2138],0.5,0.5000000000000001,0.5,-26.56505117707799
2197,[ 92 215],[ 83 206],[110 234],-1.0,-1.0,-1.0,44.99999999999999
2298,[ 446 2166],[ 447 2167],[ 437 2130],-0.3,-0.3,-0.3,16.69924423399362
2211,[365 614],[375 625],[365 587],-0.3,0.0,-0.1934741006825198,10.949959976326973
213,[ 402 1712],[ 416 1693],[ 401 1729],0.3,0.3,0.2999999999999999,-16.69924423399362
1470,[869  10],[898  33],[858  32],-2.5,inf,-6.26203303573792,80.92689999839986
4,[ 184 1717],[ 173 1704],[ 195 1737],-0.3,-0.3,-0.2999999999999999,16.69924423399362
822,[ 838 1616],[ 816 1597],[ 848 1618],-2.5,-2.5,-2.5,68.19859051364821
2163,[ 117 1054],[ 119 1057],[  90 1032],-1.3461538461538465,-1.3461538461538465,-1.3461499999999995,53.39284682374126
221,[  55 1287],[  50 1292],[  81 1269],1.5,1.3461538461538465,1.471884835964385,-55.80777357764268
155,[ 507 1332],[ 484 1306],[ 507 1341],-0.3,0.0,-0.0617663672345487,3.534461965471728
2192,[500 560],[475 531],[501 565],-0.3,-0.3,-0.3,16.69924423399362
428,[ 439 2091],[ 439 2090],[ 444 2128],-0.1999999999999999,-0.3,-0.2026084931374866,11.453567474401146
2173,[ 459 1760],[ 446 1776],[ 462 1740],0.3,0.3,0.3,-16.69924423399362
492,[ 595 1734],[ 595 1718],[ 595 1755],0.0,0.0,0.0,0.0
16,[  79 1016],[  64 1002],[  95 1025],-1.0,-1.3461538461538465,-1.1826945323312978,49.78458282488028
212,[739 915],[736 911],[753 945],-0.5,-0.5,-0.5,26.56505117707799
1299,[ 816 1407],[ 839 1384],[ 811 1411],1.0,1.0,1.0,-44.99999999999999
2299,[ 290 1693],[ 290 1682],[ 293 1721],0.0,-0.3,-0.0842691127175142,4.816883994421394
1615,[  77 1275],[  54 1298],[  82 1270],1.1764705882352942,1.1764705882352942,1.17647,-49.63544929005889
174,[ 765 2115],[ 771 2109],[ 752 2142],0.7000000000000001,0.5,0.6558655106041149,-33.2594870911729
2265,[447 578],[473 609],[447 575],-0.3,-0.3,-0.3,16.69924423399362
1997,[273 947],[296 982],[273 946],-0.3,0.0,-0.0069961408755408,0.4008428052505457
1446,[ 142 1328],[ 115 1355],[ 142 1326],0.6,0.5,0.5049771342756635,-26.792731728041048
595,[722 925],[718 920],[732 955],-0.5,-0.3,-0.4663223008731666,25.0006891175702
1178,[466 925],[466 925],,0.3,,0.3,-16.69924423399362
1820,[ 394 1690],[ 394 1689],[ 386 1727],0.0,0.3,0.0077210167167937,-0.4423728810083809
1568,[742 971],[757 987],[734 955],-0.5,-0.3,-0.3898464530778326,21.29814708641134
2424,[197 198],[216 217],[194 185],-0.3,-0.3,-0.3,16.69924423399362
2004,[345 166],[369 133],[345 170],0.3,0.0,0.0267830769141586,-1.5341904977709877
902,[792  90],[790  89],[820 113],-1.0,-1.3461538461538465,-1.0201192244734651,45.57061411228188
2020,[805  88],[797  80],[825 106],-1.3461538461538465,-1.3461538461538465,-1.34615,53.39284682374126
228,[225 919],[224 913],[232 951],-0.3,-0.3,-0.2999999999999999,16.69924423399362
2344,[711 939],[701 927],[716 961],-0.3,-0.3,-0.3,16.69924423399362
1619,[ 186 2117],[ 208 2092],[ 184 2123],0.3,0.3,0.3,-16.69924423399362
1919,[ 10 356],[  7 356],[ 47 364],inf,-2.5,-34.04582205124616,88.31758178380734
1037,[197 929],[192 921],[203 958],-0.3,-0.3,-0.2999999999999999,16.69924423399362
735,[810 115],[787  93],[815 119],-1.3461538461538465,-1.3461538461538465,-1.3461500000000002,53.392846823741266
911,[  87 1229],[  97 1220],[  64 1237],2.4999999999999996,2.5,2.4999999999999996,-68.19859051364818
939,[738 597],[720 616],[743 585],0.5,0.5,0.5,-26.56505117707799
116,[ 479 1771],[ 475 1781],[ 486 1744],0.3,0.3,0.3,-16.69924423399362
1725,[ 171 1310],[ 177 1302],[ 159 1335],0.5,0.7000000000000001,0.5530070231621048,-28.94290195174427
514,[348 167],[378 134],[348 170],0.3,0.0,0.0189082755645252,-1.0832353062191922
2030,[  98 1305],[  78 1325],[ 105 1297],1.0,1.0,1.0,-44.99999999999999
1436,[ 869 1496],[ 891 1474],[ 858 1500],2.5,2.5,2.5,-68.19859051364821
1632,[257 947],[224 913],[257 948],-0.3,0.0,-0.0062007260644289,0.3552708801847623
1592,[ 365 1360],[ 346 1328],[ 367 1363],-0.3,-0.3,-0.3,16.69924423399362
1075,[617 175],[611 165],[623 201],-0.3,-0.3,-0.3,16.69924423399362
1100,[479 581],[502 604],[475 570],-0.3,-0.3,-0.3,16.69924423399362
1002,[469 606],[469 610],[464 572],-0.2,-0.3,-0.2104259847398726,11.8831533527206
1332,[ 700 1373],[ 692 1382],[ 705 1347],0.3,0.3,0.3,-16.69924423399362
1302,[730 206],[740 218],[720 184],-0.5,-0.3,-0.4214785743547477,22.85438067873931
949,[ 514 1741],[ 535 1713],[ 514 1748],0.3,0.2,0.2166666666666666,-12.225122675735754
668,[ 689 2128],[ 669 2153],[ 691 2120],0.3,0.3,0.3,-16.69924423399362
686,[ 115 2100],[  97 2118],[ 124 2090],0.8,0.8,0.8,-38.659808254090095
1247,[ 587 1320],[ 573 1295],[ 588 1333],-0.3,-0.3,-0.3,16.69924423399362
939,[738 597],[720 616],[743 585],0.5,0.5,0.5,-26.56505117707799
1019,[ 147 1738],[ 133 1723],[ 155 1754],-0.5,-0.7000000000000001,-0.6068470655395192,31.25134709966543
89,[107 497],[122 482],[ 94 508],1.3461538461538465,1.3461538461538465,1.3461499999999995,-53.39284682374126
1619,[ 186 2117],[ 208 2092],[ 184 2123],0.3,0.3,0.3,-16.69924423399362
1230,[ 304 2121],[ 304 2106],[ 304 2144],0.0,0.0,0.0,0.0
1157,[777 148],[753 124],[780 151],-0.7000000000000002,-0.7000000000000001,-0.6999999999999998,34.992020198558656
1719,[ 517 1337],[ 490 1305],[ 517 1340],-0.3,0.0,-0.0200584624700831,1.1491111477281335
1201,[ 679 1374],[ 677 1378],[ 686 1342],0.3,0.3,0.2999999999999999,-16.69924423399362
1066,[ 744 1362],,[ 744 1362],,0.5,0.5,-26.56505117707799
424,[253 939],[229 912],[253 948],-0.3,0.0,-0.0598340817714196,3.4241579546645116
1088,[395 597],[416 619],[393 584],-0.3,-0.3,-0.3,16.69924423399362
930,[  85 1129],[  86 1129],[  50 1124],inf,-2.5,-90.88834764831844,89.36962801966662
1422,[ 196 1771],[ 200 1776],[ 187 1741],-0.3,-0.3,-0.3,16.69924423399362
353,[ 290 2156],[ 273 2182],[ 290 2143],0.3,0.0,0.0885067231440587,-5.0578822975522595
1567,[701 229],[702 230],[690 193],-0.3,-0.3,-0.3,16.69924423399362
2360,[ 859 1631],[ 877 1649],[ 846 1625],-1.7857142857142858,-1.7857142857142858,-1.78571,60.751115041598325
2097,[889 808],[897 816],[859 804],-2.5,-2.5,-2.5,68.19859051364821
2180,[389 141],[392 136],[382 173],0.3,0.3,0.3,-16.69924423399362
632,[781 576],[789 566],[768 598],0.7000000000000001,0.7000000000000001,0.6999999999999998,-34.992020198558656
970,[850  99],[867 114],[837  90],-1.3461538461538465,-1.3461538461538465,-1.34615,53.39284682374126
2321,[ 108 1060],[ 113 1065],[  82 1042],-1.1764705882352942,-1.3461538461538465,-1.2074780015181226,50.36938244509447
318,[880 842],[888 847],[852 834],-2.5,-2.5,-2.5000000000000004,68.19859051364821
21,[728 201],[742 217],[720 184],-0.5,-0.3,-0.393827503906244,21.49588451751685
2334,[683 228],[684 234],[675 196],-0.3,-0.3,-0.2999999999999999,16.69924423399362
884,[ 349 2144],[ 378 2178],[ 348 2142],-0.3,-0.3,-0.3,16.69924423399362
793,[ 823 2295],[ 823 2295],,2.499999999999999,,2.499999999999999,-68.19859051364818
2313,[ 116 1264],[ 122 1258],[  91 1281],1.0,1.3461538461538465,1.0758614035348373,-47.092916633561664
2148,[ 829 1519],[ 824 1523],[ 859 1515],2.5,2.5,2.5,-68.19859051364821
1978,[ 512 1362],[ 525 1377],[ 512 1341],-0.3,-0.2,-0.2514083019853971,14.11216157043727
1158,[713 176],[693 153],[714 185],-0.3,-0.3,-0.3,16.69924423399362
159,[421 559],[407 543],[423 578],-0.3,-0.3,-0.3,16.69924423399362
1872,[ 495 1345],[ 525 1377],[ 495 1343],-0.3,0.0,-0.0130823201246633,0.7495189720008183
25,[ 823 2296],[ 823 2296],,inf,,inf,90.0
2174,[ 158 2096],[ 176 2078],[ 150 2107],0.5,0.7000000000000001,0.6303512254384086,-32.22533143740816
758,[ 681 2115],[ 709 2084],[ 681 2117],0.3,0.0,0.0137070179718819,-0.785305100308934
1627,[  48 1868],[  24 1844],[  56 1870],-1.7857142857142858,-2.5,-2.3603802304515553,67.03954261001823
197,[ 393 1698],[ 397 1690],[ 386 1727],0.3,0.3,0.2999999999999999,-16.69924423399362
1249,[497 574],[520 601],[497 566],-0.3,0.0,-0.055212654677259,3.160243427139715
1469,[ 762 1752],[ 768 1758],[ 748 1725],-0.7000000000000001,-0.7000000000000001,-0.6999999999999998,34.992020198558656
839,[ 876 1491],[ 892 1477],[ 856 1492],2.5,2.5,2.5,-68.19859051364821
1486,[ 79 250],[ 59 232],[ 87 258],-1.3461538461538467,-1.3461538461538465,-1.34615,53.39284682374126
2076,[ 823 1627],[ 809 1613],[ 841 1633],-1.7857142857142858,-1.5624999999999998,-1.671729349603072,59.11285563806317
2403,[  33 1918],[   9 1900],[  47 1918],-2.5,-2.5,-2.5,68.19859051364821
1586,[ 27 290],[ 25 289],[ 59 307],-2.5,-2.5,-2.5,68.19859051364821
2142,[181 938],[171 928],[189 963],-0.5,-0.3,-0.4299737325703838,23.26643463772004
1107,[  48 1799],[  48 1799],,-1.3461538461538467,,-1.3461538461538467,53.392925187392514
1084,[557 961],[567 940],[557 976],0.3,0.0,0.117618133375054,-6.708202121491825
1960,[145 566],[127 586],[151 555],0.5,0.5,0.5,-26.56505117707799
1360,[ 697 1740],[ 671 1712],[ 699 1743],-0.3,-0.3,-0.3,16.69924423399362
737,[ 763 1405],[ 755 1413],[ 778 1382],0.8,0.7000000000000001,0.7708204783669071,-37.62577162180894
2489,[484 211],[471 227],[489 191],0.3,0.3,0.3,-16.69924423399362
2088,[458 942],[471 926],[453 961],0.3,0.3,0.3,-16.69924423399362
1575,[  65 1066],[  38 1039],[  67 1066],-1.7857142857142856,-1.7857142857142856,-1.78571,60.75111504159832
1549,[  13 1977],[  11 1978],[  50 1971],2.5,2.5,2.5,-68.19859051364821
1759,[  62 1066],[  37 1041],[  66 1068],-1.7857142857142856,-2.4999999999999996,-2.4197940117934285,67.54673207019029
1172,[  65 2050],[  48 2066],[  78 2041],1.1764705882352942,1.3461538461538465,1.2776334595881014,-51.949816452494304
1008,[769 924],[748 904],[776 931],-0.7000000000000001,-0.7000000000000001,-0.7,34.99202019855866
1895,[ 568 1017],[ 568 1017],,0.0,,0.0,0.0
1828,[435 196],[415 217],[435 182],0.3,0.3,0.3,-16.69924423399362
1552,[ 834 2269],[ 820 2281],[ 853 2262],2.5,2.5,2.4999999999999996,-68.19859051364818
1507,[ 585 1784],[ 578 1794],[ 585 1755],0.3,0.0,0.2111314539640416,-11.921854364774502
764,[854 109],[864 119],[833  96],-1.5,-1.3461538461538465,-1.443981720054012,55.29625467012689
1378,[ 487 1365],[ 500 1381],[ 484 1345],-0.3,-0.3,-0.3,16.69924423399362
2314,[ 296 2171],[ 296 2183],[ 298 2144],0.0,0.3,0.0921329403546729,-5.263967842520291
325,[  67 1291],[  57 1301],[  87 1277],1.3461538461538467,1.3461538461538465,1.34615,-53.39284682374126
2406,[  12 1887],[  11 1887],[  50 1894],-2.5,-2.5,-2.5,68.19859051364821
1243,[651 549],[676 523],[651 559],0.3,0.0,0.0651191780026882,-3.7257935886417046
675,[ 50 434],[ 21 460],[ 54 434],2.5,2.5000000000000004,2.5,-68.19859051364821
160,[ 154 2102],[ 176 2078],[ 150 2107],0.5,0.7000000000000001,0.6671303981488883,-33.708458105431454
2104,[893 802],[899 804],[860 796],-2.5,-2.5,-2.5,68.19859051364821
2200,[ 72 360],[ 84 361],[ 49 355],-2.4999999999999996,-2.5,-2.4999999999999996,68.19859051364818
2073,[ 880 2225],[ 881 2224],[ 847 2242],1.7857142857142858,2.5,1.81192362228994,-61.10570974803037
1746,[318 630],[318 630],,0.0,,0.0,0.0
467,[181 155],[178 149],[192 185],-0.3,-0.3,-0.3,16.69924423399362
2144,[ 421 1702],[ 428 1695],[ 415 1731],0.3,0.3,0.3,-16.69924423399362
1888,[ 671 2117],[ 644 2149],[ 672 2116],0.3,0.3,0.3,-16.69924423399362
198,[ 235 2136],[ 260 2104],[ 234 2137],0.3,0.3,0.3,-16.69924423399362
609,[442 947],[460 924],[442 959],0.3,0.3,0.3,-16.69924423399362
1838,[ 269 1690],[ 263 1684],[ 276 1722],-0.3,-0.3,-0.3,16.69924423399362
713,[317 586],[317 553],[317 590],0.0,0.0,0.0,0.0
566,[355 924],[363 909],[355 947],0.3,0.0,0.1725,-9.787203664656111
2290,[361 564],[349 551],[361 587],-0.3,0.0,-0.1695673079195207,9.623948512635398
1110,[287 153],[273 130],[290 168],-0.3,-0.3,-0.3,16.69924423399362
378,[667 557],[696 527],[667 561],0.3,0.2,0.2087478938179826,-11.791051569272607
1215,[ 186 1318],[ 194 1310],[ 176 1343],0.5,0.3,0.4408271610604501,-23.78918817886529
805,[690 933],[688 931],[695 967],-0.3,-0.3,-0.3,16.69924423399362
1186,[901  17],[901  17],,inf,,inf,90.0
1109,[ 847 1567],[ 825 1558],[ 860 1567],-2.5,-2.499999999999999,-2.5,68.19859051364821
1389,[ 614 1298],[ 614 1294],[ 614 1333],0.0,0.0,0.0,0.0
1431,[ 663 2088],[ 674 2076],[ 658 2113],0.3,0.3,0.3,-16.69924423399362
259,[377 153],[392 136],[376 172],0.3,0.3,0.2999999999999999,-16.69924423399362
472,[ 706 2155],[ 702 2162],[ 718 2128],0.3,0.3,0.3,-16.69924423399362
1489,[450 582],[473 609],[447 575],-0.3,-0.3,-0.3,16.69924423399362
616,[513 544],[498 527],[516 563],-0.3,-0.3,-0.3,16.69924423399362
1204,[ 821 1379],[ 827 1372],[ 800 1400],1.0,1.0,1.0,-44.99999999999999
971,[188 576],[161 603],[188 572],0.5,0.3,0.3189646414336053,-17.69084407376346
2249,[ 753 2165],[ 739 2179],[ 761 2148],0.5,0.7000000000000001,0.6026192453516932,-31.073975873356723
2335,[304 908],[304 905],[304 944],0.0,0.0,0.0,0.0
1227,[ 724 1696],[ 724 1694],[ 736 1730],-0.5,-0.3,-0.4894890392732593,26.081241555789425
1879,[ 173 2110],[ 195 2087],[ 169 2117],0.5,0.5,0.5,-26.56505117707799
1590,[267 934],[249 909],[267 946],-0.3,-0.2,-0.2280335556792527,12.845710426785304
2382,[ 569 1362],[ 569 1372],[ 568 1335],0.0,-0.3,-0.0810405341533932,4.6331554246214655
1822,[  96 1280],[ 120 1256],[  92 1283],1.1764705882352942,1.1764705882352942,1.17647,-49.63544929005889
507,[870 679],[881 671],[847 689],2.5,2.5,2.5,-68.19859051364821
288,[814 634],[840 609],[812 635],1.3461538461538465,1.3461538461538465,1.34615,-53.39284682374126
758,[ 681 2115],[ 709 2084],[ 681 2117],0.3,0.0,0.0137070179718819,-0.785305100308934
1798,[ 110 1256],[ 115 1250],[  87 1276],1.3461538461538465,1.3461538461538465,1.34615,-53.39284682374126
413,[ 732 2128],[ 758 2102],[ 731 2132],0.5,0.5,0.5,-26.56505117707799
2204,[ 65 418],[ 85 404],[ 52 423],2.4999999999999996,2.5,2.5,-68.19859051364821
1540,[ 752 1397],[ 745 1406],[ 764 1373],0.7000000000000001,0.7000000000000001,0.7000000000000001,-34.99202019855867
874,[ 674 2145],[ 669 2153],[ 678 2117],0.3,0.3,0.2999999999999999,-16.69924423399362
153,[ 210 1374],[ 195 1392],[ 216 1357],0.3,0.3,0.3,-16.69924423399362
85,[180 203],[199 223],[175 192],-0.3,-0.5,-0.4390810840395128,23.705369294569376
1638,[638 521],[638 518],[632 557],0.0,0.3,0.0227867858379519,-1.3053607576582658
2025,[ 437 1316],[ 437 1314],[ 440 1352],0.0,-0.3,-0.0157377941904889,0.9016347524623988
1636,[357 985],[357 986],[359 948],0.2,0.3,0.2026278436317272,-11.454632454240183
1684,[ 619 1334],,[ 619 1334],,0.3,0.3,-16.69924423399362
2167,[171 585],[157 601],[178 568],0.3,0.3,0.3,-16.69924423399362
187,[ 823 1656],[ 798 1632],[ 827 1657],-1.3461538461538465,-1.3461538461538465,-1.3461500000000002,53.392846823741266
795,[243 922],[235 911],[250 948],-0.3,-0.3,-0.3,16.69924423399362
1176,[ 593 1787],[ 593 1795],[ 593 1755],0.0,0.0,0.0,0.0
2392,[794  88],[792  87],[823 109],-1.3461538461538465,-1.3461538461538465,-1.34615,53.39284682374126
1748,[547 981],[ 523 1012],[547 976],0.3,0.0,0.0339331265553822,-1.9434792219128565
586,[ 308 1400],[ 308 1407],[ 308 1367],0.0,0.0,0.0,0.0
1152,[ 411 1393],[ 414 1396],[ 403 1359],-0.3,-0.3,-0.3,16.69924423399362
1064,[ 842 1508],[ 824 1523],[ 858 1507],2.5,2.5,2.5,-68.19859051364821
54,[  55 1846],[  33 1825],[  64 1850],-1.7857142857142856,-1.7857142857142856,-1.78571,60.75111504159832
1243,[651 549],[676 523],[651 559],0.3,0.0,0.0651191780026882,-3.7257935886417046
2127,[824 676],[806 693],[835 667],1.7857142857142858,1.3461538461538465,1.5064548444841563,-56.42338980902799
2234,[ 699 1378],[ 695 1383],[ 705 1347],0.3,0.3,0.3,-16.69924423399362
1660,[ 879 1622],[ 886 1629],[ 851 1613],-1.7857142857142858,-1.5624999999999998,-1.7294992379086291,59.96341103604324
1719,[ 517 1337],[ 490 1305],[ 517 1340],-0.3,0.0,-0.0200584624700831,1.1491111477281335
494,[  68 2068],[  57 2078],[  87 2054],1.0,1.3461538461538465,1.133774427653707,-48.58739496935968
1104,[ 742 2134],[ 768 2107],[ 740 2136],0.5,0.5,0.5,-26.56505117707799
618,[100 471],[108 463],[ 78 487],1.3461538461538465,1.3461538461538465,1.34615,-53.39284682374126
1384,[ 835 2304],[ 825 2308],[ 858 2280],2.5,inf,3.310005306948706,-73.1896814875923
1652,[ 409 1733],[ 381 1765],[ 409 1731],0.3,0.3,0.3,-16.69924423399362
269,[ 231 2098],[ 231 2098],,0.3,,0.3,-16.69924423399362
2410,[378 179],[352 208],[378 173],0.3,0.2,0.2133485553767593,-12.043409334052935
573,[ 804 1454],[ 799 1459],[ 830 1436],1.5,1.3461538461538465,1.471884835964385,-55.80777357764268
1617,[ 671 2091],[ 684 2078],[ 667 2114],0.3,0.3,0.3,-16.69924423399362
1805,[ 109 1771],[  90 1753],[ 116 1781],-0.8,-0.7000000000000001,-0.731805248823488,36.196861617271274
422,[338 963],[332 983],[338 946],0.3,0.0,0.134633512863181,-7.667824444377088
890,[ 480 1762],[ 463 1779],[ 486 1744],0.3,0.3,0.3,-16.69924423399362
1935,[ 65 377],[ 83 377],[ 47 376],inf,-2.5,-5.003855052405548,78.69855654916736
1035,[815 154],[825 165],[798 137],-1.0,-1.0,-1.0,44.99999999999999
1577,[ 54 254],[ 47 248],[ 79 269],-1.3461538461538467,-1.3461538461538465,-1.3461500000000002,53.392846823741266
1050,[ 875 2256],[ 889 2244],[ 853 2258],1.7857142857142858,2.5,2.110677141775857,-64.64926665598523
949,[ 514 1741],[ 535 1713],[ 514 1748],0.3,0.2,0.2166666666666666,-12.225122675735754
1321,[  90 1302],[  72 1319],[ 100 1292],1.0,1.0,1.0,-44.99999999999999
1506,[396 947],[420 917],[396 952],0.3,0.0,0.0345472902390734,-1.9786270008486329
1859,[  55 2004],[  28 2031],[  59 2004],1.7857142857142858,2.5,2.4322687313519507,-67.65053553086766
1575,[  65 1066],[  38 1039],[  67 1066],-1.7857142857142856,-1.7857142857142856,-1.78571,60.75111504159832
147,[779 899],[768 889],[795 916],-0.7000000000000001,-0.7000000000000001,-0.7,34.99202019855866
1006,[ 717 1342],[ 741 1318],[ 714 1349],0.3,0.5,0.4633477311256935,-24.86054090293262
929,[ 728 2166],[ 724 2171],[ 742 2138],0.3,0.5000000000000001,0.3339615537563086,-18.467337656229752
1318,[486 986],[ 473 1004],[491 968],0.3,0.3,0.3,-16.69924423399362
1025,[ 469 1710],[ 473 1703],[ 467 1740],0.3,0.3,0.3,-16.69924423399362
2446,[ 244 2145],[ 215 2174],[ 247 2140],0.3,0.3,0.3,-16.69924423399362
200,[ 604 1758],[ 578 1794],[ 604 1756],0.3,0.2,0.2043096754697509,-11.547163557323437
57,[ 768 2139],[ 787 2118],[ 764 2149],0.7000000000000001,0.5,0.5551053863539263,-29.03489074356735
668,[ 689 2128],[ 669 2153],[ 691 2120],0.3,0.3,0.3,-16.69924423399362
1697,[527 544],[511 525],[528 561],-0.3,-0.3,-0.2999999999999999,16.69924423399362
935,[266 591],[233 624],[266 588],0.3,0.0,0.0181199367461876,-1.0380822986298168
1680,[ 396 1718],[ 416 1693],[ 393 1728],0.3,0.3,0.3,-16.69924423399362
276,[ 490 1332],[ 467 1309],[ 491 1343],-0.3,-0.3,-0.3,16.69924423399362
2157,[ 557 2130],[ 563 2149],[ 557 2112],-0.3,0.0,-0.1423868186839025,8.103691978697979
1613,[ 513 1748],,[ 513 1748],,0.0,0.0,0.0
2178,[  69 1238],[  95 1215],[  65 1240],2.4999999999999996,1.7857142857142856,1.8672305294834732,-61.82861242736078
591,[  8 365],[  7 365],[ 47 365],inf,-2.5000000000000004,-100.0,89.42706130231674
1504,[ 82 263],[ 55 236],[ 83 263],-1.1764705882352942,-1.3461538461538465,-1.3418196352463183,53.30443422816934
980,[ 343 2119],[ 341 2105],[ 349 2141],-0.3,-0.3,-0.3,16.69924423399362
863,[ 547 1789],[ 547 1792],[ 552 1753],0.0,0.3,0.0228742433854384,-1.3103690955046805
1629,[339 931],[353 908],[334 945],0.3,0.3,0.3,-16.69924423399362
2287,[207 918],[207 917],[213 955],-0.3,-0.3,-0.3,16.69924423399362
832,[ 862 1482],[ 886 1460],[ 854 1486],2.5,2.5,2.5,-68.19859051364821
447,[ 226 1373],[ 207 1395],[ 229 1360],0.3,0.3,0.3,-16.69924423399362
541,[ 613 2126],[ 611 2147],[ 614 2110],0.3,0.3,0.3,-16.69924423399362
781,[563 581],[572 595],[563 558],-0.3,0.0,-0.1740520351510185,9.87353660308908
1066,[ 744 1362],,[ 744 1362],,0.5,0.5,-26.56505117707799
1808,[376 975],[371 987],[379 950],0.3,0.3,0.3,-16.69924423399362
50,[ 528 1755],[ 499 1785],[ 528 1750],0.3,0.0,0.0321025280507431,-1.8387079020196104
1065,[  40 1914],[  11 1887],[  48 1914],-2.5,inf,-14.882257972599344,86.15583996656585
1636,[357 985],[357 986],[359 948],0.2,0.3,0.2026278436317272,-11.454632454240183
1551,[ 703 1001],[ 704 1006],[692 969],-0.3,-0.3,-0.3,16.69924423399362
1750,[ 700 2132],[ 678 2155],[ 702 2123],0.3,0.3,0.3,-16.69924423399362
301,[  67 1797],[  57 1787],[  84 1815],-1.1764705882352942,-1.3461538461538465,-1.238155799164841,51.07382630677789
1256,[ 686 1349],[ 662 1375],[ 686 1342],0.3,0.3,0.3,-16.69924423399362
683,[  75 1186],[  85 1180],[  50 1188],2.4999999999999996,2.5,2.5,-68.19859051364821
639,[441 182],[469 149],[440 182],0.3,0.3,0.3,-16.69924423399362
2048,[ 566 2142],[ 566 2149],[ 560 2112],0.0,-0.3,-0.0558598036880147,3.197208323076555
910,[520 575],[542 598],[520 563],-0.3,-0.2,-0.2273799690573244,12.810108638692114
1290,[886 826],[893 831],[856 820],-2.5,-2.5,-2.5000000000000004,68.19859051364821
890,[ 480 1762],[ 463 1779],[ 486 1744],0.3,0.3,0.3,-16.69924423399362
744,[  58 1806],[  49 1798],[  80 1821],-1.5,-1.3461538461538465,-1.4520904040280174,55.44627840677527
210,[ 427 2147],[ 447 2167],[ 424 2132],-0.3,-0.3,-0.3,16.69924423399362
2334,[683 228],[684 234],[675 196],-0.3,-0.3,-0.2999999999999999,16.69924423399362
986,[ 261 1359],[ 275 1329],[ 260 1364],0.3,0.3,0.2999999999999999,-16.69924423399362
1281,[203 945],[183 924],[207 957],-0.3,-0.3,-0.2999999999999999,16.69924423399362
1040,[ 64 363],[ 83 374],[ 48 363],-2.4999999999999996,-2.5,-2.5,68.19859051364821
904,[  51 1914],[  83 1927],[  48 1914],-2.4999999999999996,inf,-31.283193398617566,88.16910392554048
2332,[786 875],[784 873],[813 898],-1.176470588235294,-1.3461538461538465,-1.1890018168005894,49.934768202511165
1914,[ 576 2104],[ 546 2074],[ 576 2110],-0.3,-0.1999999999999999,-0.2123899343099295,11.990865338729808
680,[ 845 1600],[ 822 1577],[ 853 1603],-2.5,-2.5,-2.5,68.19859051364821
622,[772 975],[775 978],[756 944],-0.6,-0.5,-0.5891570678396556,30.50476605982225
1807,[ 820 1687],[ 838 1706],[ 811 1678],-1.0,-1.176470588235294,-1.1187303658707253,48.207412067314706
1612,[ 728 1369],[ 709 1388],[ 735 1358],0.3,0.7000000000000001,0.5693168917557031,-29.65359023437972
2121,[ 118 1749],[ 109 1738],[ 130 1770],-0.7000000000000001,-0.7000000000000001,-0.7,34.99202019855866
431,[122 483],[122 482],[ 94 508],1.3461538461538465,1.3461538461538465,1.34615,-53.39284682374126
2262,[ 592 1000],[ 592 1018],[592 978],0.0,0.0,0.0,0.0
569,[ 487 2086],[ 487 2082],[ 489 2120],-0.2,-0.3,-0.2105100603957527,11.887766198697342
1693,[194 974],[213 995],[191 963],-0.5,-0.3,-0.3574086819012627,19.667330634615706
1657,[756 956],[776 977],[752 946],-0.7000000000000001,-0.5,-0.5541626369141519,28.99358240487659
1916,[ 263 1381],[ 249 1403],[ 263 1365],0.3,0.0,0.1140770900469124,-6.5080022974273675
1284,[ 812 1642],[ 799 1630],[ 829 1654],-1.5,-1.3461538461538465,-1.42930254619629,55.02175096207339
2119,[ 782 2157],[ 807 2132],[ 781 2160],0.8,0.7000000000000001,0.7082099515221766,-35.30650577601099
2433,[797 906],[774 883],[801 911],-1.0,-1.0,-1.0,44.99999999999999
1531,[133 979],[114 958],[138 988],-0.7000000000000001,-0.7000000000000001,-0.7000000000000001,34.99202019855867
867,[352 560],[349 551],[357 587],-0.3,-0.3,-0.3,16.69924423399362
675,[ 50 434],[ 21 460],[ 54 434],2.5,2.5000000000000004,2.5,-68.19859051364821
2107,[ 150 1318],[ 170 1298],[ 143 1326],0.5,0.7000000000000001,0.6453665421928796,-32.836844779398945
1830,[ 472 1735],[ 496 1707],[ 472 1741],0.3,0.2,0.2139931319467544,-12.078728352200574
326,[100 990],[ 88 978],[ 115 1005],-0.7000000000000001,-0.7000000000000001,-0.6999999999999998,34.992020198558656
379,[ 308 2131],[ 308 2106],[ 311 2143],0.0,-0.3,-0.2006994140330564,11.3484594710607
2184,[ 632 1364],[ 628 1371],[ 635 1335],0.3,0.3,0.3,-16.69924423399362
2001,[ 690 2145],[ 682 2156],[ 699 2122],0.3,0.3,0.3,-16.69924423399362
2462,[506 562],[475 531],[508 564],-0.3,-0.3,-0.3,16.69924423399362
1513,[ 741 2174],[ 737 2178],[ 758 2146],0.5,0.7000000000000001,0.5294524029107411,-27.899089667720265
1653,[595 213],[568 240],[595 202],0.3,0.0,0.0670953092052675,-3.838524875642218
833,[325 957],[311 982],[325 945],0.3,0.0,0.0885541377099552,-5.060577825495246
1905,[ 378 1368],[ 402 1398],[ 378 1362],-0.3,0.0,-0.0405234317807463,2.3205519378742787
117,[ 377 2117],[ 369 2102],[ 377 2138],-0.3,-0.3,-0.3,16.69924423399362
70,[ 258 1365],[ 224 1399],[ 258 1364],0.3,0.0,0.0061120633215947,-0.3501910717544519
956,[ 35 483],[ 32 485],[ 66 467],1.7857142857142858,1.7857142857142856,1.7857099999999997,-60.751115041598304
1876,[ 358 1727],[ 337 1760],[ 358 1724],0.3,0.0,0.0213699493675833,-1.224221572838725
701,[ 818 2240],[ 808 2250],[ 840 2229],1.3461538461538465,1.7857142857142858,1.5066171222553024,-56.426233486334006
655,[123 207],[104 188],[131 216],-1.0,-0.7000000000000001,-0.7928379589008328,38.40871632404974
1036,[746 940],[725 917],[749 947],-0.5,-0.5,-0.5,26.56505117707799
982,[499 169],[510 156],[493 191],0.3,0.3,0.3,-16.69924423399362
1429,[ 832 1457],[ 810 1478],[ 840 1452],1.5,1.7857142857142858,1.7180680431107138,-59.7984924074846
758,[ 681 2115],[ 709 2084],[ 681 2117],0.3,0.0,0.0137070179718819,-0.785305100308934
593,[ 90 433],[ 92 431],[ 58 445],2.4999999999999996,2.5,2.5,-68.19859051364821
2374,[ 774 1377],[ 800 1350],[ 773 1378],0.7000000000000001,0.7000000000000001,0.7,-34.99202019855866
1834,[  43 1038],[  40 1035],[  73 1056],-1.5,-1.3461538461538465,-1.4833607522238423,56.0143237748462
63,[ 418 1352],[ 392 1322],[ 418 1356],-0.3,0.0,-0.0274606665250449,1.572984984170616
1111,[ 682 1353],[ 662 1375],[ 686 1342],0.3,0.3,0.3,-16.69924423399362
2191,[ 517 1787],[ 517 1788],[ 525 1750],0.0,0.3,0.0077210167167937,-0.4423728810083809
1124,[763 147],[745 129],[771 158],-0.6,-0.7000000000000001,-0.6651756127192043,33.63088221048313
1269,[ 99 284],[109 294],[ 79 270],-1.3461538461538465,-1.3461538461538465,-1.34615,53.39284682374126
310,[530 568],[551 597],[527 562],-0.3,-0.3,-0.2999999999999999,16.69924423399362
738,[ 620 1358],[ 620 1371],[ 620 1334],0.0,0.2,0.0702702702702702,-4.019582487837469
1378,[ 487 1365],[ 500 1381],[ 484 1345],-0.3,-0.3,-0.3,16.69924423399362
1304,[ 855 2295],[ 825 2308],[ 858 2280],2.5,inf,7.843439943271602,-82.7342689610251
1948,[253 573],[270 552],[250 586],0.3,0.3,0.3,-16.69924423399362
1664,[ 306 1738],[ 306 1759],[ 306 1721],0.0,0.0,0.0,0.0
740,[ 116 1294],[ 136 1273],[ 109 1301],1.0,1.0,1.0,-44.99999999999999
589,[ 793 1354],[ 797 1348],[ 776 1380],0.7000000000000001,0.7000000000000001,0.7000000000000001,-34.99202019855867
107,[855 805],[825 781],[858 805],-2.5,-2.5,-2.5,68.19859051364821
580,[  67 1274],[  49 1290],[  79 1266],1.3461538461538467,1.3461538461538465,1.3461499999999995,-53.39284682374126
410,[732 557],[745 543],[724 576],0.5,0.3,0.4038029604461348,-21.98900210850548
325,[  67 1291],[  57 1301],[  87 1277],1.3461538461538467,1.3461538461538465,1.34615,-53.39284682374126
1093,[ 94 234],[ 75 214],[101 242],-0.7000000000000002,-0.8,-0.772184316230171,37.67475693774178
658,[ 225 1698],[ 222 1690],[ 229 1728],-0.3,-0.3,-0.3,16.69924423399362
343,[268 595],[238 625],[270 589],0.3,0.3,0.2999999999999999,-16.69924423399362
903,[ 617 2080],[ 625 2071],[ 613 2109],0.3,0.3,0.2999999999999999,-16.69924423399362
2339,[615 518],[615 517],[615 556],0.0,0.3,0.0076923076923076,-0.440728072761014
1670,[ 321 1357],[ 311 1330],[ 321 1367],-0.3,0.0,-0.0773348152171849,4.422156712012794
2079,[844 652],[861 636],[830 658],1.3461538461538465,1.3461538461538465,1.34615,-53.39284682374126
1532,[466 960],[494 930],[465 963],0.3,0.3,0.3,-16.69924423399362
1852,[ 384 1725],[ 416 1693],[ 384 1727],0.3,0.0,0.012697113697438,-0.727451936075499
749,[  67 2047],[  48 2066],[  78 2041],1.1764705882352942,1.3461538461538465,1.292188499204867,-52.26439653900262
829,[ 494 1763],[ 480 1782],[ 498 1746],0.3,0.3,0.3,-16.69924423399362
2048,[ 566 2142],[ 566 2149],[ 560 2112],0.0,-0.3,-0.0558598036880147,3.197208323076555
697,[711 982],[727 999],[704 966],-0.3,-0.3,-0.2999999999999999,16.69924423399362
659,[ 452 1338],[ 434 1315],[ 452 1350],-0.3,-0.2,-0.2291218568118823,12.9049693380041
160,[ 154 2102],[ 176 2078],[ 150 2107],0.5,0.7000000000000001,0.6671303981488883,-33.708458105431454
81,[ 481 1735],[ 502 1708],[ 479 1742],0.3,0.3,0.2999999999999999,-16.69924423399362
1402,[ 640 2138],[ 633 2148],[ 643 2112],0.3,0.3,0.3,-16.69924423399362
1995,[886  16],[899  27],[858  32],-2.5,inf,-3.82014713632173,75.33083157165935
1179,[266 198],[268 207],[262 171],-0.3,-0.3,-0.3,16.69924423399362
2062,[ 423 1742],[ 401 1768],[ 423 1733],0.3,0.2,0.2209016640024722,-12.456685750027685
910,[520 575],[542 598],[520 563],-0.3,-0.2,-0.2273799690573244,12.810108638692114
555,[402 586],[428 617],[402 582],-0.3,0.0,-0.0269906403318601,1.546074414622931
1535,[ 765 2189],[ 761 2194],[ 785 2164],0.7000000000000001,0.7000000000000001,0.7,-34.99202019855866
512,[ 345 2142],,[ 345 2142],,0.0,0.0,0.0
126,[537 540],[526 523],[537 560],-0.3,-0.3,-0.3,16.69924423399362
2194,[772 902],[763 893],[790 920],-0.7000000000000001,-0.7000000000000001,-0.6999999999999998,34.992020198558656
1317,[187 963],[160 933],[187 964],-0.3,-0.2,-0.2024177439890185,11.443068915583384
1410,[749 177],[773 202],[747 172],-0.5,-0.5,-0.5,26.56505117707799
1674,[644 568],[623 594],[645 559],0.3,0.3,0.3,-16.69924423399362
1635,[823 641],[847 617],[819 644],1.0,1.0,1.0,-44.99999999999999
2483,[ 656 1310],[ 665 1298],[ 656 1336],0.3,0.2,0.2634146341463415,-14.75731932588541
1466,[770 570],[779 560],[755 590],0.7000000000000001,0.7000000000000001,0.7,-34.99202019855866
1307,[824 145],[834 156],[807 128],-1.0,-1.0,-1.0,44.99999999999999
697,[711 982],[727 999],[704 966],-0.3,-0.3,-0.2999999999999999,16.69924423399362
1548,[ 40 459],[ 26 473],[ 60 453],1.7857142857142858,2.5,2.1333589314417103,-64.88542932206818
99,[217 927],[207 917],[226 952],-0.3,-0.3,-0.3,16.69924423399362
1360,[ 697 1740],[ 671 1712],[ 699 1743],-0.3,-0.3,-0.3,16.69924423399362
360,[ 278 1335],[ 278 1329],[ 271 1365],0.0,0.3,0.0489052776371278,-2.799835279944022
831,[161 582],[146 596],[166 563],0.7000000000000001,0.5000000000000001,0.5978304538874739,-30.87226769118072
1693,[194 974],[213 995],[191 963],-0.5,-0.3,-0.3574086819012627,19.667330634615706
1253,[ 162 1794],[ 163 1795],[ 144 1762],-0.6,-0.7000000000000001,-0.6037089910804597,31.119757889018135
2394,[ 708 2123],[ 737 2093],[ 708 2124],0.3,0.2,0.2023405340281638,-11.438819168908884
1382,[263 919],[257 908],[266 946],-0.3,-0.3,-0.3,16.69924423399362
1671,[138 499],[138 498],[114 528],1.0,0.7000000000000001,0.9922366397352886,-44.77673057624132
2091,[ 667 1323],[ 688 1302],[ 662 1337],0.3,0.3,0.3,-16.69924423399362
678,[ 703 2124],[ 674 2154],[ 703 2123],0.3,0.1999999999999999,0.2023405340281638,-11.438819168908884
1032,[ 831 1578],[ 823 1572],[ 858 1582],-2.5,-2.5,-2.5,68.19859051364821
2136,[ 198 2132],[ 172 2161],[ 199 2129],0.3,0.5,0.4849812138153129,-25.872513824691048
2085,[ 627 2082],[ 627 2071],[ 627 2110],0.0,0.0,0.0,0.0
395,[706 545],[718 533],[699 568],0.3,0.3,0.2999999999999999,-16.69924423399362
2370,[ 68 288],,[ 68 288],,-1.7857142857142856,-1.7857142857142856,60.751173663453024
2201,[ 564 1016],[ 564 1017],[564 977],0.0,0.0,0.0,0.0
1008,[769 924],[748 904],[776 931],-0.7000000000000001,-0.7000000000000001,-0.7,34.99202019855866
2446,[ 244 2145],[ 215 2174],[ 247 2140],0.3,0.3,0.3,-16.69924423399362
907,[ 880 2226],[ 882 2226],[ 847 2242],1.9999999999999996,2.5,2.025857003461435,-63.72821250127508
1629,[339 931],[353 908],[334 945],0.3,0.3,0.3,-16.69924423399362
1454,[ 457 1769],[ 452 1777],[ 462 1740],0.3,0.3,0.2999999999999999,-16.69924423399362
2137,[ 356 1374],[ 380 1401],[ 356 1364],-0.3,0.0,-0.0650409553602744,3.721330663710817
514,[348 167],[378 134],[348 170],0.3,0.0,0.0189082755645252,-1.0832353062191922
2349,[614 593],[614 594],[616 557],0.0,0.3,0.0080959613752055,-0.4638542836976284
2418,[ 667 1732],[ 654 1715],[ 667 1750],-0.3,0.0,-0.1370525867072877,7.803915765786317
105,[ 588 1793],[ 588 1795],[ 588 1755],0.0,0.0,0.0,0.0
1477,[ 713 1381],[ 709 1388],[ 723 1353],0.3,0.3,0.3,-16.69924423399362
2297,[ 834 1627],[ 812 1607],[ 841 1633],-2.5,-1.5624999999999998,-1.7843985803842508,60.73316681002806
1606,[ 127 1267],[ 128 1265],[ 101 1293],1.0,1.0,1.0,-44.99999999999999
1395,[ 154 1301],[ 162 1293],[ 141 1325],0.6,0.5,0.5706962487763532,-29.71324069007743
2085,[ 627 2082],[ 627 2071],[ 627 2110],0.0,0.0,0.0,0.0
1700,[  23 1206],[  14 1214],[  51 1199],2.5,2.5,2.5000000000000004,-68.19859051364821
1325,[ 318 1734],[ 318 1759],[ 319 1722],0.0,0.3,0.2024750847063703,-11.44622494810628
2195,[  53 1884],[  84 1914],[  52 1884],-2.4999999999999996,-2.5,-2.5,68.19859051364821
1442,[ 565 1372],[ 565 1373],[ 565 1335],-0.2,0.0,-0.1947368421052631,11.019682781034527
1593,[ 548 2095],[ 537 2075],[ 551 2112],-0.3,-0.3,-0.3,16.69924423399362
794,[215 976],[227 991],[209 957],-0.3,-0.3,-0.3,16.69924423399362
2228,[ 758 1714],[ 734 1689],[ 760 1718],-0.5,-0.5,-0.5,26.56505117707799
89,[107 497],[122 482],[ 94 508],1.3461538461538465,1.3461538461538465,1.3461499999999995,-53.39284682374126
1529,[ 130 1742],[ 119 1731],[ 141 1763],-0.6,-0.5,-0.5603789995270987,29.26535462885626
1835,[392 611],[397 622],[392 584],-0.3,-0.2,-0.2690836635871264,15.060628989333098
2331,[748 907],[746 905],[764 939],-0.6,-0.7000000000000001,-0.6073264846796688,31.271418420419053
1824,[ 871 1469],[ 885 1457],[ 852 1478],1.7857142857142858,2.5,2.1194630146468776,-64.74123574448289
3,[ 166 2099],[ 183 2082],[ 159 2112],0.5,0.5,0.5,-26.56505117707799
1676,[386 611],[397 622],[384 585],-0.3,-0.3,-0.3,16.69924423399362
157,[357 138],[360 132],[355 170],0.3,0.3,0.3,-16.69924423399362
1603,[ 483 1778],[ 480 1782],[ 486 1744],0.3,0.3,0.2999999999999999,-16.69924423399362
634,[ 519 1358],[ 532 1376],[ 519 1340],-0.3,-0.3,-0.3,16.69924423399362
1749,[  15 1934],[   6 1934],[  46 1934],inf,2.5000000000000004,11.111111111111107,-84.85723544211578
442,[  70 1826],[  46 1803],[  75 1829],-1.3461538461538467,-1.7857142857142856,-1.720112617483083,59.82810997003836
957,[605 949],[605 941],[611 978],0.0,-0.3,-0.0638057145089939,3.650849109316891
154,[749 612],[738 625],[760 594],0.7000000000000001,0.7000000000000001,0.6999999999999998,-34.992020198558656
2334,[683 228],[684 234],[675 196],-0.3,-0.3,-0.2999999999999999,16.69924423399362
2348,[193 203],[208 220],[189 187],-0.3,-0.3,-0.3,16.69924423399362
2144,[ 421 1702],[ 428 1695],[ 415 1731],0.3,0.3,0.3,-16.69924423399362
2377,[242 185],[259 208],[238 174],-0.3,-0.3,-0.3,16.69924423399362
1896,[ 352 2178],[ 352 2181],[ 348 2142],0.0,-0.3,-0.0229465744415155,1.3145111856152425
2448,[ 48 318],[ 23 294],[ 55 320],-2.5,-2.5,-2.4999999999999996,68.19859051364818
1779,[ 244 1394],[ 241 1402],[ 245 1363],0.3,0.3,0.3,-16.69924423399362
21,[728 201],[742 217],[720 184],-0.5,-0.3,-0.393827503906244,21.49588451751685
1809,[853 817],[824 789],[856 817],-2.5,inf,-36.092740617910614,88.41294608426101
1626,[ 744 1742],[ 763 1761],[ 738 1730],-0.5,-0.3,-0.366605038103024,20.133190779634138
2034,[ 555 1739],[ 572 1717],[ 551 1752],0.3,0.3,0.3,-16.69924423399362
252,[ 415 2172],[ 415 2173],[ 407 2135],0.0,-0.3,-0.0077210167167937,0.4423728810083809
757,[  15 1934],[   6 1934],[  46 1934],inf,2.5000000000000004,11.111111111111107,-84.85723544211578
2275,[ 572 1719],[ 572 1717],[ 572 1754],0.3,0.0,0.2837837837837837,-15.843082117687011
1255,[278 573],[286 553],[278 589],0.3,0.0,0.1278613668124157,-7.286381117450969
1022,[ 676 1302],[ 677 1300],[ 669 1338],0.3,0.3,0.3,-16.69924423399362
457,[ 674 1718],[ 671 1712],[ 682 1747],-0.3,-0.3,-0.3,16.69924423399362
386,[693 182],[674 158],[697 190],-0.3,-0.3,-0.3,16.69924423399362
391,[ 429 1393],[ 429 1394],[ 420 1356],0.0,-0.3,-0.0076767837534823,0.4398386691061989
1232,[  81 2061],[  60 2082],[  87 2054],1.1764705882352942,1.3461538461538465,1.3059534038985934,-52.557848783146014
1499,[816  76],[805  67],[838  87],-1.7857142857142858,-1.7857142857142858,-1.78571,60.75111504159832
1648,[ 109 1833],[ 115 1839],[  84 1816],-1.1764705882352942,-1.3461538461538465,-1.213656661712527,50.51297020432166
2049,[844 631],[852 623],[822 647],1.0,1.3461538461538465,1.101676554063988,-47.76974056873067
1561,[ 60 482],[ 40 500],[ 71 476],1.7857142857142856,1.3461538461538465,1.4858067026220274,-56.0580638375448
839,[ 876 1491],[ 892 1477],[ 856 1492],2.5,2.5,2.5,-68.19859051364821
2323,[ 89 548],[ 83 553],[111 526],1.0,1.0,1.0,-44.99999999999999
485,[147 577],[135 590],[157 558],0.7000000000000001,0.5,0.6096497507628436,-31.368563166329736
1380,[ 854 2201],[ 863 2192],[ 833 2216],1.3461538461538465,1.3461538461538465,1.34615,-53.39284682374126
2208,[655 166],[652 162],[655 198],-0.3,-0.2,-0.2864864864864865,15.986292239097596
1655,[636 234],[641 240],[636 201],-0.3,-0.2,-0.2808620389781206,15.688036639227043
2283,[199 575],,[199 575],,0.5,0.5,-26.56505117707799
1460,[ 90 235],[ 71 217],[ 99 244],-1.0,-1.0,-1.0,44.99999999999999
1894,[ 885 2296],[ 899 2285],[ 858 2280],2.5,inf,3.9182458601374286,-75.6828152327404
1594,[ 540 1367],[ 540 1375],[ 540 1337],-0.2,0.0,-0.1578947368421052,8.972626614896393
443,[677 963],[657 938],[679 971],-0.3,-0.3,-0.3,16.69924423399362
2019,[867 857],[879 869],[847 846],-1.7857142857142858,-1.7857142857142858,-1.78571,60.75111504159832
11,[802 603],[817 587],[790 614],0.7000000000000001,0.7000000000000001,0.7,-34.99202019855866
2171,[ 105 2084],[  83 2106],[ 110 2078],1.0,1.0,1.0,-44.99999999999999
1050,[ 875 2256],[ 889 2244],[ 853 2258],1.7857142857142858,2.5,2.110677141775857,-64.64926665598523
1292,[400 925],[408 915],[398 952],0.3,0.3,0.2999999999999999,-16.69924423399362
1938,[532 555],[505 526],[532 561],-0.3,0.0,-0.0394535892582608,2.2593523454959477
2100,[  53 2066],[  50 2068],[  82 2047],1.3461538461538467,1.3461538461538465,1.34615,-53.39284682374126
122,[224 585],[194 615],[224 582],0.3,0.0,0.0198122647593933,-1.135010661848023
1439,[ 841 2205],[ 859 2186],[ 831 2213],1.176470588235294,1.3461538461538465,1.2904025974628774,-52.22603598098157
1717,[ 515 1779],[ 511 1787],[ 516 1749],0.3,0.3,0.3,-16.69924423399362
1435,[689 526],[689 525],[679 563],0.2,0.3,0.2025427476698551,-11.449949026408095
2361,[ 331 1712],[ 357 1685],[ 331 1722],0.3,0.0,0.0631800681103048,-3.6151461434036936
1936,[ 59 477],[ 38 497],[ 69 473],1.5,1.3461538461538465,1.3878146084462113,-54.225087534282345
260,[  33 1849],[  25 1842],[  59 1861],-2.5,-2.5,-2.5,68.19859051364821
1179,[266 198],[268 207],[262 171],-0.3,-0.3,-0.3,16.69924423399362
1453,[ 132 1018],[ 145 1031],[ 121 1001],-0.7000000000000001,-0.7000000000000001,-0.6999999999999998,34.992020198558656
336,[ 798 2137],[ 805 2130],[ 781 2160],0.8,0.7000000000000001,0.7742871558574731,-37.750158614496016
529,[ 863 1622],[ 882 1639],[ 849 1617],-1.7857142857142858,-2.5,-2.236908389550144,65.91318027898431
1754,[280 622],[278 629],[284 590],0.3,0.3,0.3,-16.69924423399362
1468,[ 515 1338],[ 484 1306],[ 515 1340],-0.3,-0.2,-0.2042961472811601,11.546419505689538
433,[667 196],[644 163],[667 197],-0.3,-0.3,-0.3,16.69924423399362
1344,[ 550 1350],[ 567 1372],[ 550 1336],-0.3,0.0,-0.1004715523491263,5.737342341555557
94,[511 970],[539 937],[511 971],0.3,0.0,0.0067753477590969,-0.3881928913605204
611,[  91 1208],[  92 1207],[  57 1219],1.7857142857142856,2.5,1.812901824255834,-61.11879001424544
2148,[ 829 1519],[ 824 1523],[ 859 1515],2.5,2.5,2.5,-68.19859051364821
2313,[ 116 1264],[ 122 1258],[  91 1281],1.0,1.3461538461538465,1.0758614035348373,-47.092916633561664
983,[ 463 1778],[ 463 1779],[ 468 1741],0.3,0.3,0.3,-16.69924423399362
457,[ 674 1718],[ 671 1712],[ 682 1747],-0.3,-0.3,-0.3,16.69924423399362
195,[ 625 1749],[ 623 1718],[ 625 1754],-0.3,-0.3,-0.3,16.69924423399362
1209,[235 974],[245 987],[231 952],-0.3,-0.3,-0.2999999999999999,16.69924423399362
330,[ 120 2096],[  97 2118],[ 125 2091],0.8,0.7000000000000001,0.7181781462822988,-35.6850814498427
1109,[ 847 1567],[ 825 1558],[ 860 1567],-2.5,-2.499999999999999,-2.5,68.19859051364821
2211,[365 614],[375 625],[365 587],-0.3,0.0,-0.1934741006825198,10.949959976326973
1265,[ 497 1726],[ 508 1709],[ 492 1744],0.3,0.3,0.3,-16.69924423399362
1916,[ 263 1381],[ 249 1403],[ 263 1365],0.3,0.0,0.1140770900469124,-6.5080022974273675
306,[  53 2049],[  43 2058],[  76 2038],1.3461538461538467,1.3461538461538465,1.3461500000000002,-53.392846823741266
